$ 1 1.0000000000000001E-7 3.046768661252054 50 5.0 43
s 448 192 528 192 0 1 false
S 384 192 304 192 0 0 false 0
R 272 160 272 112 0 0 40.0 3.3 0.0 0.0 0.5
g 272 224 272 256 0
w 272 160 272 176 0
w 272 176 304 176 0
w 272 224 272 208 0
w 272 208 304 208 0
w 416 192 384 192 0
w 416 192 448 192 0
r 560 192 624 192 0 2200.0
w 560 192 528 192 0
w 624 192 672 192 0
w 672 192 672 160 0
r 672 160 672 80 0 33000.0
R 672 32 672 0 0 0 40.0 5.0 0.0 0.0 0.5
w 672 32 672 80 0
t 720 192 768 192 0 1 0.5349465679269979 0.58193227312255 35.0
w 720 192 672 192 0
g 768 240 768 272 0
w 768 208 768 240 0
w 768 176 768 144 0
r 768 144 768 64 0 4700.0
R 768 32 768 0 0 0 40.0 5.0 0.0 0.0 0.5
w 768 32 768 64 0
w 768 144 816 144 0
w 672 192 672 240 0
w 672 240 624 240 0
r 624 240 560 240 0 680.0
w 560 240 528 240 0
s 448 240 528 240 0 1 false
w 416 240 448 240 0
w 416 272 416 240 0
r 416 272 416 352 0 1500.0
t 352 400 416 400 0 1 0.5305313394786234 0.5307800977498023 100.0
w 416 352 416 384 0
w 352 400 320 400 0
r 320 400 256 400 0 33000.0
R 224 384 224 352 0 0 40.0 3.3 0.0 0.0 0.5
w 224 384 224 400 0
w 224 400 256 400 0
S 416 464 416 512 0 1 false 0
w 416 416 416 464 0
g 400 544 400 576 0
w 400 544 400 512 0
R 464 512 464 480 0 0 40.0 3.3 0.0 0.0 0.5
w 464 512 464 528 0
w 464 528 432 528 0
w 432 512 432 528 0
w 384 240 416 240 0
f 928 144 992 144 0 2.0
g 1008 176 1008 192 0
w 992 160 1008 160 0
w 1008 160 1008 176 0
w 816 144 928 144 0
r 1008 64 1008 112 0 24.0
w 992 128 1008 128 0
w 1008 112 1008 128 0
R 1008 48 1008 16 0 0 40.0 12.0 0.0 0.0 0.5
w 1008 48 1008 64 0
t 880 320 928 320 0 1 -4.953014286840966 0.04698570666422337 100.0
r 816 192 816 288 0 33000.0
w 816 192 816 144 0
w 880 320 816 320 0
w 816 288 816 320 0
g 928 368 928 384 0
w 928 368 928 336 0
r 928 272 928 208 0 10000.0
w 928 304 928 288 0
w 928 272 928 288 0
w 928 288 976 288 0
R 928 192 928 176 0 0 40.0 5.0 0.0 0.0 0.5
w 928 208 928 192 0
o 25 64 0 39 4.676805239458889 1.8268770466636287E-4 0 -1
o 70 64 0 39 5.0 9.765625E-5 0 -1
