$ 1 5.0E-6 10.20027730826997 50 5.0 43
R 256 256 224 256 0 2 100.0 1.65 1.65 0.0 0.5
s 272 256 336 256 0 1 false
w 256 256 272 256 0
t 416 192 368 192 0 1 0.5873261948177226 0.5971461371344389 100.0
r 368 272 368 336 0 1000.0
w 368 272 368 256 0
w 368 256 336 256 0
w 368 208 368 256 0
g 368 352 368 368 0
w 368 336 368 352 0
r 464 128 464 176 0 1000.0
r 464 208 464 256 0 1000.0
w 464 176 464 192 0
w 464 192 416 192 0
w 464 192 464 208 0
g 464 272 464 288 0
w 464 256 464 272 0
R 464 112 464 96 0 0 40.0 5.0 0.0 0.0 0.5
w 464 112 464 128 0
r 368 96 368 144 0 4700.0
w 368 144 368 160 0
w 368 160 368 176 0
R 368 64 368 48 0 0 40.0 5.0 0.0 0.0 0.5
w 368 64 368 96 0
162 416 256 416 304 1 2.1024259 1.0 0.0 0.0
w 368 256 416 256 0
r 416 320 416 368 0 150.0
g 416 384 416 400 0
w 416 304 416 320 0
w 416 368 416 384 0
f 288 160 240 160 0 1.35
w 288 160 368 160 0
g 208 192 208 208 0
w 208 192 208 176 0
w 208 176 240 176 0
r 224 112 224 64 0 24.0
R 224 48 224 32 0 0 40.0 12.0 0.0 0.0 0.5
w 224 112 224 144 0
w 224 144 240 144 0
w 224 48 224 64 0
