$ 1 1.0E-8 26.59566520631553 63 5.0 43
f 448 432 384 432 0 0.5
R 448 288 448 240 0 0 40.0 5.0 0.0 0.0 0.5
w 448 288 384 288 0
w 384 288 384 304 0
162 384 304 384 352 1 1.8 1.0 0.0 0.0
w 384 352 384 416 0
w 384 448 384 480 0
w 384 480 384 512 0
r 384 512 384 592 0 6.8
g 384 592 384 640 0
w 384 480 432 480 0
r 432 480 512 480 0 3300.0
w 512 480 544 480 0
w 544 480 592 480 0
t 592 480 640 480 0 1 0.5231426307779927 0.5638781235543526 100.0
w 448 432 640 432 0
w 640 432 640 464 0
w 640 432 640 400 0
r 640 400 640 320 0 10000.0
w 640 320 640 288 0
w 640 288 448 288 0
w 640 496 640 544 0
g 640 544 640 576 0
w 544 480 544 512 0
r 544 512 544 576 0 10000.0
c 592 640 592 704 0 1.2E-9 2.9431145378511387
r 592 640 672 640 0 1500.0
R 672 640 736 640 0 2 10000.0 1.65 1.65 0.0 0.5
g 592 704 592 720 0
S 544 576 544 624 0 0 false 0
w 592 640 560 640 0
w 560 640 560 624 0
w 672 640 672 576 0
t 768 432 816 432 0 1 -4.70206635330225 0.04073549429236963 100.0
162 816 320 816 400 1 2.1024259 1.0 0.0 0.0
r 832 304 832 240 0 470.0
R 832 240 832 208 0 0 40.0 5.0 0.0 0.0 0.5
r 672 432 752 432 0 33000.0
w 672 432 640 432 0
w 768 432 752 432 0
w 832 304 816 320 0
w 816 400 816 416 0
g 816 464 816 496 0
w 816 464 816 448 0
o 4 16 0 39 2.5 0.2 0 -1
o 13 16 0 39 1.1692013098647223 1.8268770466636287E-4 0 -1
o 27 16 0 37 2.0458691299350886 0.002557336412418861 0 -1
o 25 16 0 39 5.0 0.003125 0 -1
